{
 "cells": [
  {
   "cell_type": "markdown",
   "metadata": {},
   "source": [
    "1. Crear variables de tipo entero, punto flotante, string (cadena de texto) e imprimir sus tipos.\n",
    "2. Crear una lista con múltiplos de 5, comenzando en 0 y hasta 100. Hint: ...\n",
    "3. Usar los primeros 5 elementos de la lista anterior para imprimir esa cantidad de veces la letra 'A'. Ejemplo: 4. De [0, 5, 10, ...], para 5, sería imprimir 'AAAAA'.\n",
    "5. Crear una matriz con números aleatorios usando numpy y trasponer la matriz."
   ]
  },
  {
   "cell_type": "markdown",
   "metadata": {},
   "source": []
  },
  {
   "cell_type": "code",
   "execution_count": 5,
   "metadata": {},
   "outputs": [
    {
     "name": "stdout",
     "output_type": "stream",
     "text": [
      "<class 'int'>\n",
      "<class 'float'>\n",
      "<class 'str'>\n"
     ]
    }
   ],
   "source": [
    "a =5\n",
    "b =2.65\n",
    "c =\"hola\"\n",
    "print (type(a))\n",
    "print (type(b))\n",
    "print (type(c))"
   ]
  },
  {
   "cell_type": "code",
   "execution_count": 4,
   "metadata": {},
   "outputs": [
    {
     "name": "stdout",
     "output_type": "stream",
     "text": [
      "[0, 5, 10, 15, 20, 25, 30, 35, 40, 45, 50, 55, 60, 65, 70, 75, 80, 85, 90, 95, 100]\n"
     ]
    }
   ],
   "source": [
    "lista = list(range(0,101,5))\n",
    "print (lista)"
   ]
  },
  {
   "cell_type": "code",
   "execution_count": 6,
   "metadata": {},
   "outputs": [
    {
     "name": "stdout",
     "output_type": "stream",
     "text": [
      "[0, 5, 10, 15, 20]\n"
     ]
    }
   ],
   "source": [
    "primeros_5 = lista[0:5]\n",
    "print (primeros_5)\n"
   ]
  },
  {
   "cell_type": "code",
   "execution_count": 8,
   "metadata": {},
   "outputs": [
    {
     "name": "stdout",
     "output_type": "stream",
     "text": [
      "\n",
      "AAAAA\n",
      "AAAAAAAAAA\n",
      "AAAAAAAAAAAAAAA\n",
      "AAAAAAAAAAAAAAAAAAAA\n"
     ]
    }
   ],
   "source": [
    "for valor in primeros_5:\n",
    "    print (valor*\"A\")\n",
    "    \n",
    "    "
   ]
  },
  {
   "cell_type": "code",
   "execution_count": 13,
   "metadata": {},
   "outputs": [
    {
     "name": "stdout",
     "output_type": "stream",
     "text": [
      "[[0.61940231 0.21969051 0.74993031]\n",
      " [0.27532383 0.062626   0.50449268]\n",
      " [0.88168087 0.57197644 0.30733518]]\n"
     ]
    }
   ],
   "source": [
    "import numpy as np\n",
    "\n",
    "A = np.random.random((3,3))\n",
    "print (A)"
   ]
  },
  {
   "cell_type": "code",
   "execution_count": 14,
   "metadata": {},
   "outputs": [
    {
     "name": "stdout",
     "output_type": "stream",
     "text": [
      "[[0.61940231 0.21969051 0.74993031]\n",
      " [0.27532383 0.062626   0.50449268]\n",
      " [0.88168087 0.57197644 0.30733518]]\n"
     ]
    }
   ],
   "source": [
    "print (A)"
   ]
  },
  {
   "cell_type": "code",
   "execution_count": 15,
   "metadata": {},
   "outputs": [
    {
     "data": {
      "text/plain": [
       "array([[0.61940231, 0.27532383, 0.88168087],\n",
       "       [0.21969051, 0.062626  , 0.57197644],\n",
       "       [0.74993031, 0.50449268, 0.30733518]])"
      ]
     },
     "execution_count": 15,
     "metadata": {},
     "output_type": "execute_result"
    }
   ],
   "source": [
    "A.T"
   ]
  },
  {
   "cell_type": "code",
   "execution_count": 16,
   "metadata": {},
   "outputs": [
    {
     "data": {
      "text/plain": [
       "array([[0.61940231, 0.27532383, 0.88168087],\n",
       "       [0.21969051, 0.062626  , 0.57197644],\n",
       "       [0.74993031, 0.50449268, 0.30733518]])"
      ]
     },
     "execution_count": 16,
     "metadata": {},
     "output_type": "execute_result"
    }
   ],
   "source": [
    "np.transpose(A)"
   ]
  },
  {
   "cell_type": "code",
   "execution_count": null,
   "metadata": {},
   "outputs": [],
   "source": []
  }
 ],
 "metadata": {
  "kernelspec": {
   "display_name": "Python 3",
   "language": "python",
   "name": "python3"
  },
  "language_info": {
   "codemirror_mode": {
    "name": "ipython",
    "version": 3
   },
   "file_extension": ".py",
   "mimetype": "text/x-python",
   "name": "python",
   "nbconvert_exporter": "python",
   "pygments_lexer": "ipython3",
   "version": "3.7.6"
  }
 },
 "nbformat": 4,
 "nbformat_minor": 4
}
